sample.csv:
X,Y
1,2
2,4
3,6
4,8
5,10
6,10
7,10
8,15
9,14
10,17
11,18
12,20
13,22
14,26
15,30
16,32
17,34
18,33
19,37
20,36
21,42
22,42
23,42
24,44
25,46
26,51
27,50
28,54
29,56
30,56

outputs.csv:
n,Y,X,Xmean,Ymean,bxy,byx,r,var.x,var.y,covariance
5,6,3.0,3.0,6.0,0.5,2.0,0.9999999999999999,2.0000000000000004,8.000000000000002,4.0
6,6,3.125,3.5,6.666666666666667,0.5625,1.7142857142857142,0.9819805060619656,2.9166666666666665,8.888888888888886,4.999999999999999
7,6,3.2727272727272725,4.0,7.142857142857143,0.6363636363636364,1.4285714285714286,0.9534625892455922,4.0,8.979591836734691,5.7142857142857135
8,6,3.2727272727272725,4.5,8.125,0.5775401069518716,1.6071428571428572,0.9634258962687385,5.25,14.609375000000002,8.4375
9,6,3.2868975903614452,5.0,8.777777777777779,0.6167168674698795,1.5166666666666666,0.9671369684086379,6.666666666666669,16.39506172839505,10.111111111111109
10,6,3.2888675623800387,5.5,9.6,0.6142034548944337,1.5515151515151515,0.9761895135585442,8.25,20.840000000000007,12.800000000000004
11,6,3.2781854569713142,6.0,10.363636363636363,0.6237491661107405,1.5454545454545454,0.9818227864484131,10.000000000000002,24.776859504132243,15.45454545454546
12,6,3.278657968313141,6.5,11.166666666666666,0.6234855545200373,1.5594405594405594,0.9860469876957357,11.916666666666664,29.805555555555575,18.58333333333334
13,6,3.2918454935622314,7.0,12.0,0.6180257510729614,1.5824175824175823,0.9889260917200466,14.0,35.84615384615384,22.153846153846153
14,6,3.405864197530864,7.5,13.0,0.5848765432098766,1.665934065934066,0.9870996695871652,16.249999999999996,46.285714285714285,27.071428571428566
15,6,3.5865175069010604,8.0,14.133333333333333,0.5426412901351155,1.7785714285714285,0.9824084153738992,18.66666666666667,61.18222222222224,33.20000000000002
16,6,3.696384552177486,8.5,15.25,0.5193097781429745,1.8588235294117648,0.9824994832903293,21.25,76.06250000000001,39.5
17,6,3.7696283347267627,9.0,16.352941176470587,0.5052063540320741,1.9166666666666667,0.9840285456029596,23.999999999999996,91.05190311418693,46.00000000000003
18,6,3.7446044269794,9.5,17.27777777777778,0.5103306419427133,1.9060887512899898,0.9862735401731132,26.916666666666675,100.5339506172839,51.30555555555556
19,6,3.774550550937562,10.0,18.31578947368421,0.50548521167601,1.931578947368421,0.9881217501297352,30.0,114.63711911357349,57.94736842105265
20,6,3.732546864899807,10.5,19.2,0.5126858435681965,1.9082706766917292,0.9891124110211905,33.25000000000001,123.76,63.45
21,6,3.800115429011159,11.0,20.285714285714285,0.5039919199692189,1.9441558441558442,0.9898680905128124,36.66666666666666,141.44217687074837,71.28571428571429
22,6,3.7974697001913666,11.5,21.272727272727273,0.5043323410588986,1.948051948051948,0.9911940271538092,40.25,155.47107438016528,78.40909090909088
23,6,3.7553790285973676,12.0,22.17391304347826,0.5097480708125284,1.9298418972332017,0.9918332440928839,44.0,166.57844990548202,84.91304347826086
24,6,3.718952851090295,12.5,23.083333333333332,0.5140125160337389,1.9165217391304348,0.9925301814875916,47.916666666666664,178.65972222222229,91.83333333333334
25,6,3.6882303839732895,13.0,24.0,0.5173205342237062,1.906923076923077,0.993222263583212,51.99999999999999,191.67999999999995,99.15999999999995
26,6,3.738084401716881,13.5,25.03846153846154,0.5127470819300224,1.925811965811966,0.9937074347190955,56.25,211.26775147928996,108.32692307692308
27,6,3.708838368488239,14.0,25.962962962962962,0.5155127347881587,1.9175824175824177,0.9942525616107816,60.66666666666669,225.66529492455427,116.33333333333337
28,6,3.7301579026935716,14.5,26.964285714285715,0.5137233027675979,1.9263820470717024,0.9948001546109053,65.24999999999999,244.67729591836738,125.69642857142857
29,6,3.7492487088589375,15.0,27.96551724137931,0.5122006082309118,1.9339901477832513,0.9952843463087181,70.0,264.30915576694434,135.37931034482764
30,6,3.7234085486723583,15.5,28.9,0.5142616354291547,1.9276974416017798,0.995661006031033,74.91666666666669,280.8233333333334,144.4166666666667


changes.csv:
change_count,formula,result
1,Δ6 = |bxy6 − bxy5|,0.0625
2,Δ7 = |bxy7 − bxy6|,0.0738636363636363
3,Δ8 = |bxy8 − bxy7|,0.0588235294117647
4,Δ9 = |bxy9 − bxy8|,0.0391767605180078
5,Δ10 = |bxy10 − bxy9|,0.0025134125754457
6,Δ11 = |bxy11 − bxy10|,0.0095457112163067
7,Δ12 = |bxy12 − bxy11|,0.0002636115907032
8,Δ13 = |bxy13 − bxy12|,0.0054598034470758
9,Δ14 = |bxy14 − bxy13|,0.0331492078630848
10,Δ15 = |bxy15 − bxy14|,0.042235253074761
11,Δ16 = |bxy16 − bxy15|,0.023331511992141
12,Δ17 = |bxy17 − bxy16|,0.0141034241109003
13,Δ18 = |bxy18 − bxy17|,0.0051242879106391
14,Δ19 = |bxy19 − bxy18|,0.0048454302667032
15,Δ20 = |bxy20 − bxy19|,0.0072006318921864
16,Δ21 = |bxy21 − bxy20|,0.0086939235989775
17,Δ22 = |bxy22 − bxy21|,0.0003404210896796
18,Δ23 = |bxy23 − bxy22|,0.0054157297536298
19,Δ24 = |bxy24 − bxy23|,0.0042644452212105
20,Δ25 = |bxy25 − bxy24|,0.0033080181899672
21,Δ26 = |bxy26 − bxy25|,0.0045734522936837
22,Δ27 = |bxy27 − bxy26|,0.0027656528581363
23,Δ28 = |bxy28 − bxy27|,0.0017894320205608
24,Δ29 = |bxy29 − bxy28|,0.001522694536686
25,Δ30 = |bxy30 − bxy29|,0.0020610271982428596
